24 145
16 20
7 17
5 10
14 22
8 18
9 17
1 15
6 11
16 13
16 22
18 19
20 22
12 18
9 10
14 24
2 4
4 23
5 21
17 23
10 20
1 17
15 16
6 13
7 12
16 24
20 24
3 17
5 14
9 12
5 23
1 10
10 22
15 18
16 17
7 14
3 10
22 23
4 18
9 14
1 3
1 12
10 24
1 21
13 23
2 20
16 19
7 16
5 9
4 11
12 24
5 18
9 16
19 20
2 13
7 9
3 5
20 21
3 14
4 13
3 23
14 23
8 13
1 7
8 22
2 24
16 23
3 7
6 24
20 23
21 22
12 19
8 15
1 9
1 18
9 23
6 8
5 6
4 8
21 24
3 18
14 18
24 4
13 4
17 20
10 14
1 11
11 13
10 23
1 20
2 19
6 10
15 22
12 14
12 23
4 19
8 10
8 19
11 15
11 24
2 21
6 12
15 24
6 21
7 20
12 16
4 12
1 6
17 24
16 4
20 4
24 20
13 20
20 13
7 13
6 23
4 5
7 22
4 14
5 15
8 14
9 13
2 7
8 23
19 23
9 22
2 16
24 13
6 7
13 22
15 19
6 16
16 18
7 15
4 7
7 24
21 23
4 16
5 8
3 20
14 20
8 16
10 13
11 12
11 21
6 9
