24 151
3 13
5 10
8 9
3 22
5 19
17 21
11 14
2 11
13 17
6 11
7 10
1 24
6 20
16 22
7 19
18 19
3 6
20 22
14 15
9 10
3 24
14 24
4 23
17 23
9 19
11 16
13 19
15 16
6 13
7 12
16 24
18 21
5 14
11 9
1 10
16 17
7 14
18 23
5 7
12 22
5 16
4 18
10 15
1 21
13 23
3 12
5 9
4 11
23 24
14 21
5 18
10 17
13 16
2 13
2 22
3 5
12 17
5 11
4 13
3 23
4 22
8 13
2 6
1 16
11 18
2 15
7 11
6 15
3 7
6 24
12 19
3 16
5 13
4 24
2 8
1 18
6 8
15 20
6 17
3 9
5 6
4 8
21 24
3 18
14 18
17 20
10 14
11 13
2 10
2 19
6 10
7 18
3 11
12 23
8 10
11 6
2 3
17 22
1 13
9 18
11 15
11 24
2 21
6 12
15 24
3 4
6 21
7 20
18 20
12 16
4 12
8 12
1 6
9 11
8 21
9 20
11 17
2 14
15 17
6 14
12 9
6 23
7 22
18 22
4 14
5 15
10 11
9 13
2 7
5 24
8 23
9 22
2 16
15 19
16 18
7 15
4 7
7 24
18 24
21 23
22 24
14 20
17 19
8 16
10 13
11 12
9 24
11 21
2 18
6 9
1 22
