28 204
7 17
7 26
18 26
3 13
8 9
12 25
3 22
5 19
8 18
9 17
2 11
5 28
24 8
11 23
1 15
6 11
10 27
6 20
16 22
7 28
18 28
3 6
20 22
12 18
5 12
19 11
22 28
9 10
3 24
5 21
4 23
12 27
14 24
11 16
17 23
23 27
1 8
10 20
1 17
13 19
15 16
7 12
24 28
15 25
2 25
25 27
20 24
12 20
3 17
5 14
14 17
3 26
1 10
10 22
1 19
15 18
16 17
7 14
2 27
20 8
18 23
12 13
3 10
5 7
22 23
14 19
5 16
4 18
3 28
5 25
4 27
15 11
8 27
10 24
13 23
7 16
16 28
20 28
4 11
5 9
21 27
3 21
22 25
4 20
23 24
1 5
19 20
8 20
1 14
10 17
7 9
1 23
10 26
3 5
6 22
20 21
12 17
3 14
3 23
14 23
1 7
17 25
8 22
10 28
11 27
2 24
6 15
15 27
3 7
6 24
4 6
20 23
3 16
14 16
4 15
23 28
3 25
4 24
10 12
2 8
19 24
8 24
9 23
2 26
6 8
25 28
15 20
6 17
6 26
5 6
7 25
20 25
3 18
14 18
19 8
8 17
10 14
1 11
11 13
5 27
8 26
10 23
1 20
9 25
2 19
11 22
2 28
6 10
13 25
7 18
12 14
18 27
12 23
1 4
8 19
10 16
9 18
19 28
9 27
11 24
20 11
13 27
15 24
3 4
18 20
21 28
4 21
8 12
11 8
5 22
8 21
10 18
11 17
15 8
2 23
15 17
7 13
4 5
7 22
4 14
28 8
8 14
10 11
9 13
2 7
5 24
9 22
11 19
11 28
15 19
15 28
6 25
16 27
4 7
7 24
22 24
5 17
9 15
2 9
5 26
17 28
19 25
13 15
13 24
