20 111
6 18
16 20
3 13
14 13
5 19
9 17
11 14
2 11
1 15
6 11
7 10
6 20
3 6
14 15
3 15
5 12
8 11
9 10
11 16
10 20
13 19
15 16
6 13
7 12
3 8
12 20
15 18
16 17
7 14
12 13
3 10
3 19
9 14
1 3
15 2
1 12
2 20
16 19
7 16
12 15
3 12
14 12
5 9
1 5
19 20
10 17
1 14
15 13
2 13
13 16
7 9
3 14
5 11
4 13
8 13
15 6
2 6
10 19
1 16
2 15
6 15
4 6
5 13
4 15
8 15
2 8
11 20
2 17
6 8
3 9
5 6
1 11
2 19
14 2
3 2
6 19
12 14
3 11
1 4
2 3
8 19
10 16
9 18
2 12
6 12
3 4
18 20
12 16
4 12
1 6
2 5
9 20
11 17
15 17
6 14
14 6
8 14
9 13
16 18
4 7
4 16
5 8
3 20
17 19
8 16
10 13
11 12
2 9
2 18
15 12
7 8
