26 173
15 21
6 18
7 26
18 26
5 19
8 18
17 21
9 17
11 23
7 1
1 15
15 14
6 11
13 17
7 10
1 24
13 24
6 20
13 26
7 19
15 23
16 22
18 19
12 18
14 15
5 12
8 11
14 24
2 4
9 19
1 8
15 7
10 20
7 12
16 24
7 21
14 8
20 24
3 17
14 17
9 12
3 26
14 26
4 25
13 21
15 18
16 17
7 14
16 26
7 23
14 1
5 7
20 26
21 25
22 23
3 19
4 18
9 14
5 25
10 15
1 12
13 14
10 24
1 21
5 9
4 11
23 24
3 21
4 20
1 5
15 4
8 20
10 17
1 14
13 16
2 13
1 23
11 25
2 22
3 14
5 11
4 13
23 26
4 22
1 7
17 25
10 19
1 16
1 25
2 24
16 23
25 26
6 15
3 7
21 22
5 13
14 25
17 18
2 8
8 24
7 4
1 18
11 20
2 17
19 24
15 20
6 26
20 25
4 8
14 18
1 2
8 17
10 14
1 11
11 13
1 20
9 25
2 19
6 10
15 22
6 19
4 1
12 14
4 10
12 23
2 3
1 13
9 18
10 25
6 12
15 24
6 21
7 20
18 20
12 16
4 12
4 21
2 5
17 24
11 17
15 8
2 23
7 13
15 26
6 23
16 25
7 22
4 14
8 14
9 13
5 24
2 7
17 26
11 19
15 1
2 16
6 16
16 18
7 24
18 24
14 20
17 19
8 16
9 15
5 26
19 25
9 24
11 21
2 18
13 15
6 9
7 8
1 22
