21 124
15 21
16 20
5 10
17 21
8 18
9 17
2 11
13 17
6 11
3 6
12 18
5 12
2 4
5 21
9 19
11 16
1 8
10 20
1 17
13 19
15 16
7 12
7 21
18 21
3 8
12 20
3 17
5 14
18 5
13 21
7 14
18 14
12 13
3 10
5 7
3 19
5 16
14 19
9 14
1 3
10 15
13 14
1 12
1 21
16 19
18 16
5 9
14 21
5 18
4 20
8 20
19 20
13 16
1 14
2 13
3 5
20 21
3 14
8 13
1 7
2 6
1 16
7 11
3 7
14 16
5 13
3 16
17 18
8 15
10 12
10 21
1 18
11 20
15 20
6 17
5 6
4 8
3 18
1 2
1 20
2 19
6 10
12 5
6 19
12 14
3 11
8 10
5 20
8 19
10 16
1 13
9 18
2 12
6 12
3 4
12 16
8 12
9 11
2 5
10 18
9 20
11 17
2 14
13 20
15 17
6 14
18 13
4 14
11 19
2 16
6 7
6 16
4 16
3 20
14 20
8 16
10 13
17 19
11 12
11 21
2 18
13 15
6 9
7 8
