24 145
15 21
6 18
16 20
3 13
8 9
3 22
5 19
14 22
17 21
11 14
2 11
11 23
16 13
13 24
15 23
16 22
7 19
18 19
3 6
20 22
3 15
3 24
2 4
14 24
17 23
9 19
1 8
15 16
6 13
7 21
3 17
5 14
14 17
9 12
9 21
1 10
10 22
13 21
15 18
7 23
18 23
14 19
4 18
9 14
1 3
10 24
1 21
2 20
7 16
12 15
3 12
4 11
23 24
4 20
9 16
1 5
8 20
10 17
1 14
2 13
3 5
6 22
12 17
3 14
4 13
8 13
2 6
7 2
7 11
2 24
16 23
6 15
3 7
4 6
12 19
14 16
5 13
4 24
8 15
10 12
8 24
7 4
1 18
9 23
2 17
10 21
11 20
19 24
6 8
15 20
3 9
4 8
3 18
4 17
10 14
1 11
2 10
2 19
6 10
15 22
12 23
4 19
8 10
1 4
8 19
1 13
11 15
2 12
2 21
3 4
7 20
4 12
8 12
9 11
5 22
17 24
2 14
2 23
13 20
7 13
6 23
4 5
7 22
18 22
5 15
10 11
2 7
5 24
19 23
9 22
11 19
2 16
15 19
6 16
7 15
4 7
7 24
21 23
4 16
5 17
10 13
11 21
13 15
7 8
1 22
