29 223
15 21
16 20
7 17
4 9
7 26
22 17
8 9
3 22
5 19
8 18
14 22
17 21
2 11
5 28
9 26
11 23
13 17
6 11
10 27
1 24
13 26
6 20
16 22
7 28
20 22
22 19
14 15
5 12
19 11
8 11
12 27
14 24
2 4
4 23
5 21
9 28
1 8
13 19
1 17
6 13
2 25
16 24
7 21
22 3
3 8
3 17
3 26
5 23
14 26
13 3
1 10
27 29
10 22
1 19
13 21
16 17
7 14
1 28
2 27
25 29
18 23
12 13
3 10
5 7
6 27
20 26
12 22
3 19
21 25
4 18
22 23
3 28
5 25
4 27
14 28
1 3
10 15
8 27
10 24
1 21
13 23
2 20
7 16
12 15
6 29
17 11
22 25
21 27
9 16
1 5
8 20
10 17
1 14
13 16
2 13
8 29
10 26
19 20
19 29
2 22
6 22
3 5
20 21
3 14
5 11
21 29
3 23
14 23
8 22
19 22
1 16
11 18
13 18
1 25
2 24
22 11
15 27
3 7
20 23
12 19
12 28
3 25
14 25
4 24
23 28
17 18
13 11
2 8
19 24
10 21
11 29
2 26
25 28
6 17
26 29
5 6
7 25
18 25
20 25
14 18
21 24
1 2
11 13
2 10
5 27
8 26
9 25
11 22
17 29
2 28
13 25
15 22
6 19
7 18
12 14
3 11
4 10
12 23
4 28
1 4
2 3
5 20
10 16
1 13
17 22
8 28
2 21
6 3
15 24
3 4
6 21
18 29
21 28
4 21
8 12
22 29
1 6
17 24
8 21
10 18
9 20
11 17
19 21
9 29
2 23
13 20
15 17
6 14
1 27
24 29
16 25
7 22
10 11
9 13
3 27
2 7
8 23
14 27
17 26
2 16
11 28
13 22
16 18
7 15
1 29
15 28
6 25
16 27
7 24
21 23
26 28
5 8
22 24
17 19
8 16
9 15
14 29
2 9
19 25
11 21
6 9
7 8
13 24
