27 200
15 21
6 18
16 20
7 17
5 10
22 26
23 25
3 22
5 19
8 18
14 22
9 26
24 8
1 15
10 27
13 26
13 24
6 20
16 22
12 18
5 12
8 11
9 10
3 24
5 21
9 19
11 16
24 10
13 19
6 13
7 12
1 26
15 25
25 27
18 21
3 8
20 24
3 17
5 14
14 17
9 12
3 26
14 26
4 25
9 21
24 12
1 10
8 25
1 19
15 18
16 17
7 14
2 27
12 13
3 10
5 7
20 26
22 23
14 19
5 16
9 14
5 25
13 14
26 11
8 27
10 24
1 21
19 27
7 16
12 15
3 12
4 11
14 21
9 16
1 5
2 13
7 9
24 25
11 25
2 22
16 21
12 8
12 17
3 14
22 27
12 26
8 22
19 22
13 18
2 15
7 11
1 25
2 24
16 23
6 15
12 10
6 24
15 27
4 6
20 23
21 22
4 15
3 25
14 25
4 24
8 15
10 12
24 11
1 9
17 27
1 18
9 23
2 17
2 26
15 20
6 17
3 9
5 6
4 8
6 26
20 25
4 26
1 2
8 17
2 10
5 27
10 23
1 20
9 25
2 19
11 22
19 26
6 10
13 25
15 22
6 19
4 10
7 27
12 23
21 26
4 19
8 10
1 4
2 3
10 25
2 21
6 12
13 27
26 24
3 4
6 21
7 20
18 20
12 16
24 27
4 12
4 21
11 8
17 24
8 21
10 18
9 20
19 21
11 26
26 8
13 20
6 14
7 13
1 27
15 26
18 22
5 15
9 13
11 10
3 27
8 23
19 23
9 22
2 16
26 10
6 7
15 19
6 16
16 18
12 11
6 25
7 24
4 16
20 27
22 24
3 20
5 17
11 12
2 9
19 25
9 24
11 21
13 15
26 12
1 22
