22 114
3 13
5 10
8 9
8 18
2 11
13 17
6 20
7 19
20 22
12 18
14 15
5 12
9 10
1 8
10 20
1 17
7 12
7 21
18 21
3 8
3 17
5 14
9 21
10 22
1 19
15 18
16 17
7 14
3 10
14 19
5 16
4 18
9 14
15 2
10 15
1 12
1 21
7 16
12 15
5 9
4 11
4 20
9 16
1 5
8 20
3 5
5 2
6 22
20 21
12 17
3 14
4 13
10 19
1 16
11 18
7 11
6 15
3 7
21 22
5 13
4 15
17 18
10 12
2 8
2 17
15 20
6 17
5 6
12 21
3 18
14 18
4 17
17 20
8 17
1 11
1 20
11 22
2 19
6 10
6 19
7 18
12 14
8 10
17 22
2 12
2 21
6 21
7 20
9 11
10 18
11 17
13 20
7 22
5 15
9 13
2 7
9 22
6 7
12 2
6 16
4 16
5 8
3 20
5 17
14 20
10 13
17 19
11 12
2 9
11 21
2 18
15 12
6 9
1 22
