22 122
15 21
16 20
7 17
3 13
5 10
3 22
5 19
8 18
1 15
13 17
7 10
3 6
5 3
20 22
12 18
5 12
8 11
5 21
9 19
1 8
10 20
6 13
7 12
7 21
3 8
3 17
5 14
9 12
9 21
10 22
1 19
15 18
7 14
5 7
14 19
4 18
9 14
1 3
1 12
16 19
7 16
12 15
3 12
5 9
4 11
14 21
9 16
1 5
1 14
2 13
16 21
6 22
3 5
3 14
8 13
2 6
11 18
7 11
3 7
4 6
12 19
10 3
17 18
8 15
10 12
1 9
10 21
1 18
11 20
2 17
6 17
3 9
5 6
12 21
3 18
1 2
17 20
8 17
1 11
11 13
2 10
1 20
11 22
2 19
6 10
3 11
8 19
11 15
2 12
2 21
6 3
18 20
4 12
4 21
10 9
1 6
9 11
5 22
10 18
11 17
2 14
7 22
4 14
5 15
9 13
9 22
11 19
2 16
6 7
13 22
6 16
7 15
4 7
5 8
3 20
14 20
17 19
10 13
9 15
2 9
13 15
6 9
