19 110
3 13
5 10
8 9
5 19
11 14
2 11
1 15
13 17
6 11
7 10
7 19
18 19
17 5
14 15
8 11
13 10
1 8
1 17
13 19
6 13
16 15
15 16
17 7
3 17
17 16
5 14
14 17
1 10
1 19
15 18
16 17
7 14
12 13
5 7
5 16
4 18
10 15
1 12
13 14
16 10
7 16
12 15
3 12
5 9
4 11
13 7
13 16
7 9
3 5
3 14
4 13
8 13
1 7
1 16
13 18
2 15
7 11
6 15
3 7
4 6
12 19
3 16
5 13
4 15
14 16
17 18
1 9
16 7
2 17
6 17
3 9
5 6
3 18
14 18
4 17
11 13
2 19
6 10
6 19
7 18
3 11
4 19
17 13
8 10
1 4
2 3
10 16
2 12
12 16
17 6
17 15
8 12
1 6
10 18
2 14
15 17
4 14
5 15
2 7
2 16
6 7
6 16
7 15
17 10
17 19
10 13
2 9
13 6
13 15
6 9
