26 173
7 26
18 26
3 13
5 10
8 9
23 25
14 22
5 19
9 17
11 23
1 15
6 11
13 24
6 20
16 22
20 22
12 18
5 12
8 11
3 24
2 4
4 23
5 21
9 19
11 16
1 8
13 19
15 16
6 13
7 12
1 26
15 25
16 24
7 21
18 21
12 20
3 17
3 26
14 26
9 21
1 10
7 5
1 19
10 22
13 21
15 18
16 17
7 23
18 23
3 10
21 25
9 5
12 22
4 18
9 14
5 25
1 3
1 12
1 21
13 23
2 20
7 16
12 15
3 12
4 11
9 7
14 21
4 20
8 20
19 20
10 26
1 23
14 5
5 11
4 13
14 23
3 23
4 22
8 13
2 6
19 22
10 19
11 18
7 11
14 7
3 7
6 24
12 19
3 16
14 16
14 25
3 25
2 8
8 24
10 21
9 23
2 26
14 9
6 26
7 25
4 8
23 21
21 24
4 26
17 20
11 13
8 26
9 25
11 22
2 19
23 5
6 19
15 22
12 14
3 11
12 23
5 20
17 22
11 15
2 12
2 21
6 12
23 7
6 21
15 24
1 6
9 11
5 22
17 24
10 18
9 20
11 17
2 14
19 21
11 26
15 17
23 9
16 25
4 5
7 22
4 14
8 14
10 11
5 24
8 23
17 26
9 22
11 19
19 23
6 7
21 5
15 19
6 16
7 15
6 25
4 7
7 24
18 24
21 23
4 16
22 24
3 20
14 20
8 16
9 15
2 9
5 26
19 25
9 24
11 21
13 15
6 9
1 22
