22 118
12 4
14 22
8 18
11 14
2 11
13 17
6 11
6 20
16 22
20 22
12 18
3 15
11 7
11 16
10 20
13 19
6 13
18 21
3 8
12 20
5 14
1 10
13 21
15 18
16 17
3 10
3 19
14 19
9 14
10 15
13 14
7 16
3 12
4 11
11 4
14 21
1 5
8 20
19 20
13 16
2 22
12 17
4 22
8 13
1 7
2 6
19 22
10 19
13 18
11 18
6 15
12 19
14 16
8 15
10 12
1 9
2 8
7 4
11 20
2 17
6 8
5 6
4 8
3 18
17 20
8 17
10 14
1 11
11 13
2 10
1 20
11 22
2 19
6 10
6 19
12 14
3 11
4 10
8 10
1 4
17 22
10 16
1 13
2 12
2 21
12 7
7 20
18 20
4 21
8 12
2 5
5 22
8 21
11 17
13 20
15 17
6 14
7 22
4 14
8 14
2 7
9 22
11 19
6 16
4 7
5 8
3 20
5 17
8 16
10 13
9 15
11 12
2 9
11 21
2 18
6 9
7 8
1 22
